C Praga 30 20 4000
G Eletrobras 10 15 2000 800
C Kiev 40 20 2000
G Gazprom 20 50 10000 2000
G TreeTop 10 10 2000 500
A Solo 50 10
C Aracaju 30 10 900
A Dominio 20 15
I NeBr1 10 15 20 15 2500 0.15 5 100
I LeEur1 20 50 30 40 12500 0.01 3 2000
C Teresina 30 15 750
I NeBr2 20 15 30 15 2000 0.05 2 100
I NeBr3 20 15 30 10 1750 0.04 4 80
C Krasnodar 50 30 1000
I LeEur2 30 40 30 20 8000 0.07 2 500
A Arktz1 30 40
I LeEur3 30 40 40 40 5750 0.02 3 700
I LeEur4 40 40 40 20 4000 0.05 2 375
A Arktz2 40 40
I LeEur5 40 40 50 30 3200 0.03 3 550
I Extra 10 20 20 20 4500 0.09 5 325
